agent_class: DQN
total_timesteps: 1e6
n_eval_episodes: 5
policy_model: CnnPolicy
model_kwargs:
  learning_rate: [0.005527513504028334,0.005527513504028334,0.005527513504028334,0.005527513504028334,0.005527513504028334,0.005527513504028334,0.005527513504028334,0.005527513504028334,0.005527513504028334,0.005527513504028334,0.005527513504028334,0.005527513504028334,0.005527513504028334,0.005527513504028334,0.005527513504028334,0.005527513504028334,8.203368636394896e-05,8.203368636394896e-05,8.203368636394896e-05,8.203368636394896e-05,8.203368636394896e-05,8.203368636394896e-05,8.203368636394896e-05]
  batch_size: [32,32,32,32,32,32,32,32,32,32,32,32,32,32,32,32,8,8,8,8,8,8,8]
  tau: 1.0
  gamma: 0.999
  learning_starts: [7637,7637,7637,7637,7637,7637,7637,7637,7637,7637,7637,7637,7637,7637,7637,7637,7077,7077,7077,7077,7077,7077,7077]
  train_freq: [273,273,273,273,273,273,273,273,273,273,273,273,273,273,273,273,19,19,19,19,19,19,19]
  gradient_steps: 10
  exploration_fraction: [0.48,0.48,0.48,0.48,0.48,0.48,0.48,0.48,0.48,0.48,0.48,0.48,0.48,0.48,0.48,0.48,0.029705095205010017,0.029705095205010017,0.029705095205010017,0.029705095205010017,0.029705095205010017,0.029705095205010017,0.029705095205010017]
  exploration_initial_eps: [0.8273629989624024,0.8273629989624024,0.8273629989624024,0.8273629989624024,0.8273629989624024,0.8273629989624024,0.8273629989624024,0.8273629989624024,0.8273629989624024,0.8273629989624024,0.8273629989624024,0.8273629989624024,0.8273629989624024,0.8273629989624024,0.8273629989624024,0.8273629989624024,0.6791553032402431,0.6791553032402431,0.6791553032402431,0.6791553032402431,0.6791553032402431,0.6791553032402431,0.6791553032402431]
  exploration_final_eps: [0.18980769392225688,0.18980769392225688,0.18980769392225688,0.18980769392225688,0.18980769392225688,0.18980769392225688,0.18980769392225688,0.18980769392225688,0.18980769392225688,0.18980769392225688,0.18980769392225688,0.18980769392225688,0.18980769392225688,0.18980769392225688,0.18980769392225688,0.18980769392225688,0.0936261045480497,0.0936261045480497,0.0936261045480497,0.0936261045480497,0.0936261045480497,0.0936261045480497,0.0936261045480497]
  buffer_size: [33788402,33788402,33788402,33788402,33788402,33788402,33788402,33788402,33788402,33788402,33788402,33788402,33788402,33788402,33788402,33788402,36442202,36442202,36442202,36442202,36442202,36442202,36442202]