agent_class: DQN
total_timesteps: 1000000.0
n_eval_episodes: 5
policy_model: MlpPolicy
model_kwargs:
  learning_rate: 4.9278977273361634e-06
  batch_size: 16
  tau: 1.0
  gamma: 0.9
  learning_starts: 5217
  train_freq: 938
  gradient_steps: 6
  exploration_fraction: 0.042099550571487974
  exploration_initial_eps: 0.5791117035923997
  exploration_final_eps: 0.10949532768893935
  buffer_size: 5414128