agent_class: DQN
total_timesteps: 1e6
n_eval_episodes: 5
policy_model: CnnPolicy
model_kwargs:
  learning_rate: 0.00021202731474243846
  batch_size: 16
  tau: 1.0
  gamma: 0.999
  learning_starts: 6583
  train_freq: 223
  gradient_steps: 10
  exploration_fraction: 0.3261521796249109
  exploration_initial_eps: 0.9801313231243186
  exploration_final_eps: 0.05739642514453821
  buffer_size: 24309149