agent_class: DQN
total_timesteps: 1000000.0
n_eval_episodes: 5
policy_model: MlpPolicy
model_kwargs:
  learning_rate: 4.656804637919569e-05
  batch_size: 64
  tau: 0.5434285666633234
  gamma: 0.9
  learning_starts: 3456
  train_freq: 187
  gradient_steps: 1
  exploration_fraction: 0.042099550571487974
  exploration_initial_eps: 0.5791117035923997
  exploration_final_eps: 0.10949532768893935
  buffer_size: 19841390