agent_class: DQN
total_timesteps: 1000000
n_eval_episodes: 5
policy_model: MlpPolicy
model_kwargs:
  learning_rate: 0.00015676677195506063
  batch_size: 4
  tau: 0.38960710363751994
  gamma: 0.9
  learning_starts: 8918
  train_freq: 438
  gradient_steps: 7
  exploration_fraction: 0.39690389385091895
  exploration_initial_eps: 0.7644474598764522
  exploration_final_eps: 0.11404086765769253
  buffer_size: 48183320