agent_class: DQN
total_timesteps: 1e6
n_eval_episodes: 5
policy_model: CnnPolicy
model_kwargs:
  learning_rate: [8.760976767073116e-06,8.760976767073116e-06,8.760976767073116e-06,8.760976767073116e-06,8.760976767073116e-06,8.760976767073116e-06,8.760976767073116e-06,8.760976767073116e-06,8.760976767073116e-06,8.760976767073116e-06,8.760976767073116e-06,8.760976767073116e-06,8.760976767073116e-06,8.760976767073116e-06,8.760976767073116e-06,8.760976767073116e-06,3.740375509245017e-06,3.740375509245017e-06,3.740375509245017e-06,3.740375509245017e-06,3.740375509245017e-06,3.740375509245017e-06,3.740375509245017e-06]
  batch_size: 32
  tau: 1.0
  gamma: 0.999
  learning_starts: [1494,1494,1494,1494,1494,1494,1494,1494,1494,1494,1494,1494,1494,1494,1494,1494,3127,3127,3127,3127,3127,3127,3127]
  train_freq: [483,483,483,483,483,483,483,483,483,483,483,483,483,483,483,483,73,73,73,73,73,73,73]
  gradient_steps: [1,1,1,1,1,1,1,1,1,1,1,1,1,1,1,1,3,3,3,3,3,3,3]
  exploration_fraction: [0.18411834642977115,0.18411834642977115,0.18411834642977115,0.18411834642977115,0.18411834642977115,0.18411834642977115,0.18411834642977115,0.18411834642977115,0.18411834642977115,0.18411834642977115,0.18411834642977115,0.18411834642977115,0.18411834642977115,0.18411834642977115,0.18411834642977115,0.18411834642977115,0.23118925022651807,0.23118925022651807,0.23118925022651807,0.23118925022651807,0.23118925022651807,0.23118925022651807,0.23118925022651807]
  exploration_initial_eps: [0.7017352752685547,0.7017352752685547,0.7017352752685547,0.7017352752685547,0.7017352752685547,0.7017352752685547,0.7017352752685547,0.7017352752685547,0.7017352752685547,0.7017352752685547,0.7017352752685547,0.7017352752685547,0.7017352752685547,0.7017352752685547,0.7017352752685547,0.7017352752685547,0.7556385695570382,0.7556385695570382,0.7556385695570382,0.7556385695570382,0.7556385695570382,0.7556385695570382,0.7556385695570382]
  exploration_final_eps: [0.04969674110412598,0.04969674110412598,0.04969674110412598,0.04969674110412598,0.04969674110412598,0.04969674110412598,0.04969674110412598,0.04969674110412598,0.04969674110412598,0.04969674110412598,0.04969674110412598,0.04969674110412598,0.04969674110412598,0.04969674110412598,0.04969674110412598,0.04969674110412598,0.13598003611492782,0.13598003611492782,0.13598003611492782,0.13598003611492782,0.13598003611492782,0.13598003611492782,0.13598003611492782]
  buffer_size: [40981818,40981818,40981818,40981818,40981818,40981818,40981818,40981818,40981818,40981818,40981818,40981818,40981818,40981818,40981818,40981818,2149892,2149892,2149892,2149892,2149892,2149892,2149892]

