agent_class: DQN
total_timesteps: 1e6
n_eval_episodes: 5
policy_model: CnnPolicy
model_kwargs:
  learning_rate: 0.0002179327304036652
  batch_size: 16
  tau: 1.0
  gamma: 0.999
  learning_starts: 4783
  train_freq: 483
  gradient_steps: 5
  exploration_fraction: 0.1276773679918504
  exploration_initial_eps: 0.7107505509317408
  exploration_final_eps: 0.034993615057557874
  buffer_size: 17190901