agent_class: PPO
total_timesteps: 1e6
n_eval_episodes: 5
policy_model: MlpPolicy
num_minibatches: 8
model_kwargs:
  learning_rate: [0.001493149204179644,0.001493149204179644,0.001493149204179644,0.001493149204179644,0.001493149204179644,0.001493149204179644,0.001493149204179644,0.001493149204179644,0.001493149204179644,0.0055637885816395265,0.0055637885816395265,0.0055637885816395265,0.0055637885816395265,0.0055637885816395265,0.0055637885816395265,0.0055637885816395265,0.0055637885816395265,0.0055637885816395265,0.0055637885816395265,0.0055637885816395265,0.0055637885816395265]
  batch_size: [16,16,16,16,16,16,16,16,16,128,128,128,128,128,128,128,128,128,128,128,128]
  gamma: 0.9
  n_steps: 4096
  n_epochs: [9,9,9,9,9,9,9,9,9,19,19,19,19,19,19,19,19,19,19,19,19]
  gae_lambda: [0.8242786526679993,0.8242786526679993,0.8242786526679993,0.8242786526679993,0.8242786526679993,0.8242786526679993,0.8242786526679993,0.8242786526679993,0.8242786526679993,0.8533066511154175,0.8533066511154175,0.8533066511154175,0.8533066511154175,0.8533066511154175,0.8533066511154175,0.8533066511154175,0.8533066511154175,0.8533066511154175,0.8533066511154175,0.8533066511154175,0.8533066511154175]
  clip_range: [0.2674644887447357,0.2674644887447357,0.2674644887447357,0.2674644887447357,0.2674644887447357,0.2674644887447357,0.2674644887447357,0.2674644887447357,0.2674644887447357,0.06072699651122093,0.06072699651122093,0.06072699651122093,0.06072699651122093,0.06072699651122093,0.06072699651122093,0.06072699651122093,0.06072699651122093,0.06072699651122093,0.06072699651122093,0.06072699651122093,0.06072699651122093]
  clip_range_vf: [0.12719294428825378,0.12719294428825378,0.12719294428825378,0.12719294428825378,0.12719294428825378,0.12719294428825378,0.12719294428825378,0.12719294428825378,0.12719294428825378,0.07461491972208023,0.07461491972208023,0.07461491972208023,0.07461491972208023,0.07461491972208023,0.07461491972208023,0.07461491972208023,0.07461491972208023,0.07461491972208023,0.07461491972208023,0.07461491972208023,0.07461491972208023]
  normalize_advantage: False
  ent_coef: [0.1582852452993393,0.1582852452993393,0.1582852452993393,0.1582852452993393,0.1582852452993393,0.1582852452993393,0.1582852452993393,0.1582852452993393,0.1582852452993393,0.44373831152915955,0.44373831152915955,0.44373831152915955,0.44373831152915955,0.44373831152915955,0.44373831152915955,0.44373831152915955,0.44373831152915955,0.44373831152915955,0.44373831152915955,0.44373831152915955,0.44373831152915955]
  vf_coef: [0.5563344955444336,0.5563344955444336,0.5563344955444336,0.5563344955444336,0.5563344955444336,0.5563344955444336,0.5563344955444336,0.5563344955444336,0.5563344955444336,0.009999999776482582,0.009999999776482582,0.009999999776482582,0.009999999776482582,0.009999999776482582,0.009999999776482582,0.009999999776482582,0.009999999776482582,0.009999999776482582,0.009999999776482582,0.009999999776482582,0.009999999776482582,0.009999999776482582,0.009999999776482582,0.009999999776482582,0.009999999776482582]
  max_grad_norm: [0.8874766230583191,0.8874766230583191,0.8874766230583191,0.8874766230583191,0.8874766230583191,0.8874766230583191,0.8874766230583191,0.8874766230583191,0.8874766230583191,0.9900000095367432,0.9900000095367432,0.9900000095367432,0.9900000095367432,0.9900000095367432,0.9900000095367432,0.9900000095367432,0.9900000095367432,0.9900000095367432,0.9900000095367432,0.9900000095367432,0.9900000095367432]
  use_sde: False
  sde_sample_freq: 4