agent_class: PPO
total_timesteps: 1e6
n_eval_episodes: 5
policy_model: MlpPolicy
num_minibatches: 8
model_kwargs:
  learning_rate: [7.455030412168032e-05,7.455030412168032e-05,7.455030412168032e-05,7.455030412168032e-05,7.455030412168032e-05,7.455030412168032e-05,7.455030412168032e-05,7.455030412168032e-05,7.455030412168032e-05,7.455030412168032e-05,7.455030412168032e-05,7.455030412168032e-05,7.455030412168032e-05,7.455030412168032e-05,7.455030412168032e-05,7.455030412168032e-05,7.455030412168032e-05,7.455030412168032e-05,7.455030412168032e-05,5.443327865985261e-05,5.443327865985261e-05]
  batch_size: [128,128,128,128,128,128,128,128,128,128,128,128,128,128,128,128,128,128,128,64,64]
  gamma: 0.9
  n_steps: [2048,2048,2048,2048,2048,2048,2048,2048,2048,2048,2048,2048,2048,2048,2048,2048,2048,2048,2048,1024,1024]
  n_epochs: [5,5,5,5,5,5,5,5,5,5,5,5,5,5,5,5,5,5,5,7,7]
  gae_lambda: [0.8,0.8,0.8,0.8,0.8,0.8,0.8,0.8,0.8,0.8,0.8,0.8,0.8,0.8,0.8,0.8,0.8,0.8,0.8,0.9171535276154413,0.9171535276154413]
  clip_range: [0.4317055167756285,0.4317055167756285,0.4317055167756285,0.4317055167756285,0.4317055167756285,0.4317055167756285,0.4317055167756285,0.4317055167756285,0.4317055167756285,0.4317055167756285,0.4317055167756285,0.4317055167756285,0.4317055167756285,0.4317055167756285,0.4317055167756285,0.4317055167756285,0.4317055167756285,0.4317055167756285,0.4317055167756285,0.022793827064280594,0.022793827064280594,]
  clip_range_vf: [0.18322457065615827,0.18322457065615827,0.18322457065615827,0.18322457065615827,0.18322457065615827,0.18322457065615827,0.18322457065615827,0.18322457065615827,0.18322457065615827,0.18322457065615827,0.18322457065615827,0.18322457065615827,0.18322457065615827,0.18322457065615827,0.18322457065615827,0.18322457065615827,0.18322457065615827,0.18322457065615827,0.18322457065615827,0.17274966978374265,0.17274966978374265,]
  normalize_advantage: True
  ent_coef: [0.19660800000000003,0.19660800000000003,0.19660800000000003,0.19660800000000003,0.19660800000000003,0.19660800000000003,0.19660800000000003,0.19660800000000003,0.19660800000000003,0.19660800000000003,0.19660800000000003,0.19660800000000003,0.19660800000000003,0.19660800000000003,0.19660800000000003,0.19660800000000003,0.19660800000000003,0.19660800000000003,0.19660800000000003,0.16264867570689523,0.16264867570689523]
  vf_coef: [0.8443480622794085,0.8443480622794085,0.8443480622794085,0.8443480622794085,0.8443480622794085,0.8443480622794085,0.8443480622794085,0.8443480622794085,0.8443480622794085,0.8443480622794085,0.8443480622794085,0.8443480622794085,0.8443480622794085,0.8443480622794085,0.8443480622794085,0.8443480622794085,0.8443480622794085,0.8443480622794085,0.8443480622794085,0.6482307884689267,0.6482307884689267]
  max_grad_norm: [0.5354021726763653,0.5354021726763653,0.5354021726763653,0.5354021726763653,0.5354021726763653,0.5354021726763653,0.5354021726763653,0.5354021726763653,0.5354021726763653,0.5354021726763653,0.5354021726763653,0.5354021726763653,0.5354021726763653,0.5354021726763653,0.5354021726763653,0.5354021726763653,0.5354021726763653,0.5354021726763653,0.5354021726763653,0.8,0.8]
  use_sde: False
  sde_sample_freq: 4