agent_class: PPO
total_timesteps: 1e6
n_eval_episodes: 5
policy_model: MlpPolicy
num_minibatches: 8
model_kwargs:
  learning_rate: [4.0354892883017184e-05,4.0354892883017184e-05,4.0354892883017184e-05,4.0354892883017184e-05,4.0354892883017184e-05,4.0354892883017184e-05,4.0354892883017184e-05,4.0354892883017184e-05,4.0354892883017184e-05,4.0354892883017184e-05,4.0354892883017184e-05,4.0354892883017184e-05,4.0354892883017184e-05,4.0354892883017184e-05,4.0354892883017184e-05,4.0354892883017184e-05,4.0354892883017184e-05,4.0354892883017184e-05,4.0354892883017184e-05,0.0008694065746293064,0.0008694065746293064]
  batch_size: [128,128,128,128,128,128,128,128,128,128,128,128,128,128,128,128,128,128,128,16,16]
  gamma: 0.9
  n_steps: [512,512,512,512,512,512,512,512,512,512,512,512,512,512,512,512,512,512,512,2048,2048]
  n_epochs: [16,16,16,16,16,16,16,16,16,16,16,16,16,16,16,16,16,16,16,12,12]
  gae_lambda: [0.8,0.8,0.8,0.8,0.8,0.8,0.8,0.8,0.8,0.8,0.8,0.8,0.8,0.8,0.8,0.8,0.8,0.8,0.8,0.9999,0.9999]
  clip_range: [0.06881697248099666,0.06881697248099666,0.06881697248099666,0.06881697248099666,0.06881697248099666,0.06881697248099666,0.06881697248099666,0.06881697248099666,0.06881697248099666,0.06881697248099666,0.06881697248099666,0.06881697248099666,0.06881697248099666,0.06881697248099666,0.06881697248099666,0.06881697248099666,0.06881697248099666,0.06881697248099666,0.06881697248099666,0.24722278553188787,0.24722278553188787]
  clip_range_vf: [0.03212460203225749,0.03212460203225749,0.03212460203225749,0.03212460203225749,0.03212460203225749,0.03212460203225749,0.03212460203225749,0.03212460203225749,0.03212460203225749,0.03212460203225749,0.03212460203225749,0.03212460203225749,0.03212460203225749,0.03212460203225749,0.03212460203225749,0.03212460203225749,0.03212460203225749,0.03212460203225749,0.03212460203225749,0.5,0.5]
  normalize_advantage: True
  ent_coef: [0.11089356945744144,0.11089356945744144,0.11089356945744144,0.11089356945744144,0.11089356945744144,0.11089356945744144,0.11089356945744144,0.11089356945744144,0.11089356945744144,0.11089356945744144,0.11089356945744144,0.11089356945744144,0.11089356945744144,0.11089356945744144,0.11089356945744144,0.11089356945744144,0.11089356945744144,0.11089356945744144,0.11089356945744144,0.37512663773713384,0.37512663773713384]
  vf_coef: [0.9356569902752246,0.9356569902752246,0.9356569902752246,0.9356569902752246,0.9356569902752246,0.9356569902752246,0.9356569902752246,0.9356569902752246,0.9356569902752246,0.9356569902752246,0.9356569902752246,0.9356569902752246,0.9356569902752246,0.9356569902752246,0.9356569902752246,0.9356569902752246,0.9356569902752246,0.9356569902752246,0.9356569902752246,0.008693622891394748,0.008693622891394748]
  max_grad_norm: [1.0,1.0,1.0,1.0,1.0,1.0,1.0,1.0,1.0,1.0,1.0,1.0,1.0,1.0,1.0,1.0,1.0,1.0,1.0,0.3130271975106094,0.3130271975106094]
  use_sde: False
  sde_sample_freq: 4