agent_class: PPO
total_timesteps: 1e6
n_eval_episodes: 5
policy_model: MlpPolicy
num_minibatches: 8
model_kwargs:
  learning_rate: [0.003892745137657277,0.003892745137657277,0.003892745137657277,0.003892745137657277,0.003892745137657277,0.003892745137657277,0.003892745137657277,0.003892745137657277,0.003892745137657277,0.003892745137657277,0.003892745137657277,0.003892745137657277,0.003892745137657277,0.003892745137657277,0.003892745137657277,0.003892745137657277,0.003892745137657277,0.003892745137657277,0.003892745137657277,0.00799999999999999,0.00799999999999999]
  batch_size: 32
  gamma: 0.9
  n_steps: 512
  n_epochs: 15
  gae_lambda: [0.8983004350595255,0.8983004350595255,0.8983004350595255,0.8983004350595255,0.8983004350595255,0.8983004350595255,0.8983004350595255,0.8983004350595255,0.8983004350595255,0.8983004350595255,0.8983004350595255,0.8983004350595255,0.8983004350595255,0.8983004350595255,0.8983004350595255,0.8983004350595255,0.8983004350595255,0.8983004350595255,0.8983004350595255,0.9949627260204064,0.9949627260204064]
  clip_range: [0.48648421542760295,0.48648421542760295,0.48648421542760295,0.48648421542760295,0.48648421542760295,0.48648421542760295,0.48648421542760295,0.48648421542760295,0.48648421542760295,0.48648421542760295,0.48648421542760295,0.48648421542760295,0.48648421542760295,0.48648421542760295,0.48648421542760295,0.48648421542760295,0.48648421542760295,0.48648421542760295,0.48648421542760295,0.3167960483957637,0.3167960483957637]
  clip_range_vf: [0.31106148019225227,0.31106148019225227,0.31106148019225227,0.31106148019225227,0.31106148019225227,0.31106148019225227,0.31106148019225227,0.31106148019225227,0.31106148019225227,0.31106148019225227,0.31106148019225227,0.31106148019225227,0.31106148019225227,0.31106148019225227,0.31106148019225227,0.31106148019225227,0.31106148019225227,0.31106148019225227,0.31106148019225227,0.1090280456542969,0.1090280456542969]
  normalize_advantage: True
  ent_coef: [0.368375923828125,0.368375923828125,0.368375923828125,0.368375923828125,0.368375923828125,0.368375923828125,0.368375923828125,0.368375923828125,0.368375923828125,0.368375923828125,0.368375923828125,0.368375923828125,0.368375923828125,0.368375923828125,0.368375923828125,0.368375923828125,0.368375923828125,0.368375923828125,0.368375923828125,0.368375923828125,0.368375923828125,0.368375923828125,0.3490036822432955,0.3490036822432955]
  vf_coef: [0.6536433758860909,0.6536433758860909,0.6536433758860909,0.6536433758860909,0.6536433758860909,0.6536433758860909,0.6536433758860909,0.6536433758860909,0.6536433758860909,0.6536433758860909,0.6536433758860909,0.6536433758860909,0.6536433758860909,0.6536433758860909,0.6536433758860909,0.6536433758860909,0.6536433758860909,0.6536433758860909,0.6536433758860909,0.24352483886607368,0.24352483886607368]
  max_grad_norm: [0.08006793359290108,0.08006793359290108,0.08006793359290108,0.08006793359290108,0.08006793359290108,0.08006793359290108,0.08006793359290108,0.08006793359290108,0.08006793359290108,0.08006793359290108,0.08006793359290108,0.08006793359290108,0.08006793359290108,0.08006793359290108,0.08006793359290108,0.08006793359290108,0.08006793359290108,0.08006793359290108,0.08006793359290108,0.08900069046020508,0.08900069046020508]
  use_sde: False
  sde_sample_freq: 4