agent_class: PPO
total_timesteps: 1e6
n_eval_episodes: 5
policy_model: MlpPolicy
num_minibatches: 8
model_kwargs:
  learning_rate: [9.566439360435256e-06,9.566439360435256e-06,9.566439360435256e-06,9.566439360435256e-06,9.566439360435256e-06,9.566439360435256e-06,9.566439360435256e-06,9.566439360435256e-06,9.566439360435256e-06,9.566439360435256e-06,9.566439360435256e-06,9.566439360435256e-06,9.566439360435256e-06,9.566439360435256e-06,9.566439360435256e-06,9.566439360435256e-06,9.566439360435256e-06,9.566439360435256e-06,9.566439360435256e-06,0.0002909495382681626,0.0002909495382681626]
  batch_size: 32
  gamma: 0.9
  n_steps: [1024,1024,1024,1024,1024,1024,1024,1024,1024,1024,1024,1024,1024,1024,1024,1024,1024,1024,1024,2048,2048]
  n_epochs: 9
  gae_lambda: 0.8
  clip_range: [0.4752770553743055,0.4752770553743055,0.4752770553743055,0.4752770553743055,0.4752770553743055,0.4752770553743055,0.4752770553743055,0.4752770553743055,0.4752770553743055,0.4752770553743055,0.4752770553743055,0.4752770553743055,0.4752770553743055,0.4752770553743055,0.4752770553743055,0.4752770553743055,0.4752770553743055,0.4752770553743055,0.4752770553743055,0.25988031846330173,0.25988031846330173]
  clip_range_vf: [0.06930626678466797,0.06930626678466797,0.06930626678466797,0.06930626678466797,0.06930626678466797,0.06930626678466797,0.06930626678466797,0.06930626678466797,0.06930626678466797,0.06930626678466797,0.06930626678466797,0.06930626678466797,0.06930626678466797,0.06930626678466797,0.06930626678466797,0.06930626678466797,0.06930626678466797,0.06930626678466797,0.06930626678466797,0.1526847885131836,0.1526847885131836]
  normalize_advantage: True
  ent_coef: [0.3699567969549091,0.3699567969549091,0.3699567969549091,0.3699567969549091,0.3699567969549091,0.3699567969549091,0.3699567969549091,0.3699567969549091,0.3699567969549091,0.3699567969549091,0.3699567969549091,0.3699567969549091,0.3699567969549091,0.3699567969549091,0.3699567969549091,0.3699567969549091,0.3699567969549091,0.3699567969549091,0.3699567969549091,0.3016070480346679,0.3016070480346679]
  vf_coef: [0.15091066782841123,0.15091066782841123,0.15091066782841123,0.15091066782841123,0.15091066782841123,0.15091066782841123,0.15091066782841123,0.15091066782841123,0.15091066782841123,0.15091066782841123,0.15091066782841123,0.15091066782841123,0.15091066782841123,0.15091066782841123,0.15091066782841123,0.15091066782841123,0.15091066782841123,0.15091066782841123,0.15091066782841123,0.3589272806246723,0.3589272806246723]
  max_grad_norm: [0.25997008323669435,0.25997008323669435,0.25997008323669435,0.25997008323669435,0.25997008323669435,0.25997008323669435,0.25997008323669435,0.25997008323669435,0.25997008323669435,0.25997008323669435,0.25997008323669435,0.25997008323669435,0.25997008323669435,0.25997008323669435,0.25997008323669435,0.25997008323669435,0.25997008323669435,0.25997008323669435,0.25997008323669435,0.9425468866322617,0.9425468866322617]
  use_sde: False
  sde_sample_freq: 4