agent_class: PPO
total_timesteps: 1000000.0
n_eval_episodes: 5
policy_model: MlpPolicy
num_minibatches: 8
model_kwargs:
  learning_rate: 3.2866021474668975e-06
  batch_size: 64
  gamma: 0.9
  n_steps: 4096
  n_epochs: 12
  gae_lambda: 0.9619478699830164
  clip_range: 0.25512181464747
  clip_range_vf: 0.4633603466201256
  normalize_advantage: true
  ent_coef: 0.1822765876628779
  vf_coef: 0.8657749159440993
  max_grad_norm: 0.35028521085551567
  use_sde: false
  sde_sample_freq: 4