agent_class: PPO
total_timesteps: 1000000.0
n_eval_episodes: 5
policy_model: MlpPolicy
num_minibatches: 8
model_kwargs:
  learning_rate: 1.1873784361629386e-06
  batch_size: 64
  gamma: 0.9
  n_steps: 256
  n_epochs: 6
  gae_lambda: 0.8089059205210979
  clip_range: 0.05374706455304645
  clip_range_vf: 0.11285466930392735
  normalize_advantage: true
  ent_coef: 0.006277990079557927
  vf_coef: 0.07197427968948678
  max_grad_norm: 0.967276330000272
  use_sde: false
  sde_sample_freq: 4