agent_class: PPO
total_timesteps: 1e6
n_eval_episodes: 5
policy_model: MlpPolicy
num_minibatches: 8
model_kwargs:
  learning_rate: [1.3837188683300847e-06,1.3837188683300847e-06,1.3837188683300847e-06,1.3837188683300847e-06,1.3837188683300847e-06,1.3837188683300847e-06,1.3837188683300847e-06,1.3837188683300847e-06,1.3837188683300847e-06,1.3837188683300847e-06,1.3837188683300847e-06,1.3837188683300847e-06,1.3837188683300847e-06,1.3837188683300847e-06,1.3837188683300847e-06,1.3837188683300847e-06,1.3837188683300847e-06,1.3837188683300847e-06,1.3837188683300847e-06,6.307453640187476e-06,6.307453640187476e-06]
  batch_size: [32,32,32,32,32,32,32,32,32,32,32,32,32,32,32,32,32,32,32,64,64]
  gamma: 0.9
  n_steps: [1024,1024,1024,1024,1024,1024,1024,1024,1024,1024,1024,1024,1024,1024,1024,1024,1024,1024,1024,512,512]
  n_epochs: [19,19,19,19,19,19,19,19,19,19,19,19,19,19,19,19,19,19,19,9,9]
  gae_lambda: [0.9209704983503095,0.9209704983503095,0.9209704983503095,0.9209704983503095,0.9209704983503095,0.9209704983503095,0.9209704983503095,0.9209704983503095,0.9209704983503095,0.9209704983503095,0.9209704983503095,0.9209704983503095,0.9209704983503095,0.9209704983503095,0.9209704983503095,0.9209704983503095,0.9209704983503095,0.9209704983503095,0.9209704983503095,0.828399965026627,0.828399965026627]
  clip_range: [0.11698477961044257,0.11698477961044257,0.11698477961044257,0.11698477961044257,0.11698477961044257,0.11698477961044257,0.11698477961044257,0.11698477961044257,0.11698477961044257,0.11698477961044257,0.11698477961044257,0.11698477961044257,0.11698477961044257,0.11698477961044257,0.11698477961044257,0.11698477961044257,0.11698477961044257,0.11698477961044257,0.11698477961044257,0.4039954868752871,0.4039954868752871]
  clip_range_vf: [0.35815619151561917,0.35815619151561917,0.35815619151561917,0.35815619151561917,0.35815619151561917,0.35815619151561917,0.35815619151561917,0.35815619151561917,0.35815619151561917,0.35815619151561917,0.35815619151561917,0.35815619151561917,0.35815619151561917,0.35815619151561917,0.35815619151561917,0.35815619151561917,0.35815619151561917,0.35815619151561917,0.35815619151561917,0.46170260223987214,0.46170260223987214]
  normalize_advantage: True
  ent_coef: [0.15968382015837984,0.15968382015837984,0.15968382015837984,0.15968382015837984,0.15968382015837984,0.15968382015837984,0.15968382015837984,0.15968382015837984,0.15968382015837984,0.15968382015837984,0.15968382015837984,0.15968382015837984,0.15968382015837984,0.15968382015837984,0.15968382015837984,0.15968382015837984,0.15968382015837984,0.15968382015837984,0.15968382015837984,0.31289443000455686,0.31289443000455686]
  vf_coef: [0.6064658902372562,0.6064658902372562,0.6064658902372562,0.6064658902372562,0.6064658902372562,0.6064658902372562,0.6064658902372562,0.6064658902372562,0.6064658902372562,0.6064658902372562,0.6064658902372562,0.6064658902372562,0.6064658902372562,0.6064658902372562,0.6064658902372562,0.6064658902372562,0.6064658902372562,0.6064658902372562,0.6064658902372562,0.11382152844654203,0.11382152844654203]
  max_grad_norm: [0.9551764674248123,0.9551764674248123,0.9551764674248123,0.9551764674248123,0.9551764674248123,0.9551764674248123,0.9551764674248123,0.9551764674248123,0.9551764674248123,0.9551764674248123,0.9551764674248123,0.9551764674248123,0.9551764674248123,0.9551764674248123,0.9551764674248123,0.9551764674248123,0.9551764674248123,0.9551764674248123,0.9551764674248123,0.7166985197458168,0.7166985197458168]
  use_sde: False
  sde_sample_freq: 4