agent_class: PPO
total_timesteps: 1e6
n_eval_episodes: 5
policy_model: MlpPolicy
num_minibatches: 8
model_kwargs:
  learning_rate: [2.084011337525742e-05,2.084011337525742e-05,2.084011337525742e-05,2.084011337525742e-05,2.084011337525742e-05,2.084011337525742e-05,2.084011337525742e-05,2.084011337525742e-05,2.084011337525742e-05,2.084011337525742e-05,2.084011337525742e-05,2.084011337525742e-05,2.084011337525742e-05,2.084011337525742e-05,2.084011337525742e-05,2.084011337525742e-05,2.084011337525742e-05,2.084011337525742e-05,2.084011337525742e-05,1.6655794982455349e-06,1.6655794982455349e-06,]
  batch_size: 128
  gamma: 0.9
  n_steps: [2048,2048,2048,2048,2048,2048,2048,2048,2048,2048,2048,2048,2048,2048,2048,2048,2048,2048,2048,4096,4096]
  n_epochs: [5,5,5,5,5,5,5,5,5,5,5,5,5,5,5,5,5,5,5,18,18]
  gae_lambda: [0.8,0.8,0.8,0.8,0.8,0.8,0.8,0.8,0.8,0.8,0.8,0.8,0.8,0.8,0.8,0.8,0.8,0.8,0.8,0.8877927659961895,0.8877927659961895]
  clip_range: [0.28114049976871963,0.28114049976871963,0.28114049976871963,0.28114049976871963,0.28114049976871963,0.28114049976871963,0.28114049976871963,0.28114049976871963,0.28114049976871963,0.28114049976871963,0.28114049976871963,0.28114049976871963,0.28114049976871963,0.28114049976871963,0.28114049976871963,0.28114049976871963,0.28114049976871963,0.28114049976871963,0.28114049976871963,0.030757508249543986,0.030757508249543986]
  clip_range_vf: [0.0829349482732592,0.0829349482732592,0.0829349482732592,0.0829349482732592,0.0829349482732592,0.0829349482732592,0.0829349482732592,0.0829349482732592,0.0829349482732592,0.0829349482732592,0.0829349482732592,0.0829349482732592,0.0829349482732592,0.0829349482732592,0.0829349482732592,0.0829349482732592,0.0829349482732592,0.0829349482732592,0.0829349482732592,0.25814269166923026,0.25814269166923026]
  normalize_advantage: True
  ent_coef: [0.015516527181671581,0.015516527181671581,0.015516527181671581,0.015516527181671581,0.015516527181671581,0.015516527181671581,0.015516527181671581,0.015516527181671581,0.015516527181671581,0.015516527181671581,0.015516527181671581,0.015516527181671581,0.015516527181671581,0.015516527181671581,0.015516527181671581,0.015516527181671581,0.015516527181671581,0.015516527181671581,0.015516527181671581,0.3624105509347631,0.3624105509347631]
  vf_coef: [0.5886386726496797,0.5886386726496797,0.5886386726496797,0.5886386726496797,0.5886386726496797,0.5886386726496797,0.5886386726496797,0.5886386726496797,0.5886386726496797,0.5886386726496797,0.5886386726496797,0.5886386726496797,0.5886386726496797,0.5886386726496797,0.5886386726496797,0.5886386726496797,0.5886386726496797,0.5886386726496797,0.5886386726496797,0.9225426796907926,0.9225426796907926]
  max_grad_norm: [0.5300382138715564,0.5300382138715564,0.5300382138715564,0.5300382138715564,0.5300382138715564,0.5300382138715564,0.5300382138715564,0.5300382138715564,0.5300382138715564,0.5300382138715564,0.5300382138715564,0.5300382138715564,0.5300382138715564,0.5300382138715564,0.5300382138715564,0.5300382138715564,0.5300382138715564,0.5300382138715564,0.5300382138715564,0.22498737223356546,0.22498737223356546]
  use_sde: False
  sde_sample_freq: 4