agent_class: PPO
total_timesteps: 1e6
n_eval_episodes: 5
policy_model: MlpPolicy
num_minibatches: 8
model_kwargs:
  learning_rate: 1.1541571458507578e-05
  batch_size: 32
  gamma: 0.9
  n_steps: 512
  n_epochs: 6
  gae_lambda: 0.8083614489996196
  clip_range: 0.22937052826753893
  clip_range_vf: 0.3576693734946482
  normalize_advantage: True
  ent_coef: 0.0523221407937286
  vf_coef: 0.8622376046216826
  max_grad_norm: 0.11439409214056062
  use_sde: False
  sde_sample_freq: 4