agent_class: PPO
total_timesteps: 1e6
n_eval_episodes: 5
policy_model: MlpPolicy
num_minibatches: 8
model_kwargs:
  learning_rate: 5.702995617178204e-06
  batch_size: 64
  gamma: 0.9
  n_steps: 4096
  n_epochs: 14
  gae_lambda: 0.8166285061019152
  clip_range: 0.3664993587979975
  clip_range_vf: 0.339342701239492
  normalize_advantage: True
  ent_coef: 0.02944004707906156
  vf_coef: 0.6118218164552921
  max_grad_norm: 0.12401461831327198
  use_sde: False
  sde_sample_freq: 4