agent_class: PPO
total_timesteps: 1000000.0
n_eval_episodes: 5
policy_model: MlpPolicy
num_minibatches: 8
model_kwargs:
  learning_rate: 1.9701290593098256e-06
  batch_size: 16
  gamma: 0.9
  n_steps: 1024
  n_epochs: 9
  gae_lambda: 0.9303794027007304
  clip_range: 0.4782247556586902
  clip_range_vf: 0.2177602780875964
  normalize_advantage: true
  ent_coef: 0.041435509398778714
  vf_coef: 0.9597071872532211
  max_grad_norm: 0.5407608361864938
  use_sde: false
  sde_sample_freq: 4