agent_class: PPO
total_timesteps: 1e6
n_eval_episodes: 5
policy_model: MlpPolicy
num_minibatches: 8
model_kwargs:
  learning_rate: [0.0014445102172851595,0.0014445102172851595,0.0014445102172851595,0.0014445102172851595,0.0014445102172851595,0.0014445102172851595,0.0014445102172851595,0.0014445102172851595,0.0014445102172851595,0.0014445102172851595,0.0014445102172851595,0.0014445102172851595,0.0014445102172851595,0.0014445102172851595,0.0014445102172851595,0.0014445102172851595,0.0014445102172851595,0.0014445102172851595,0.0014445102172851595,2.4850486018464536e-05,2.4850486018464536e-05]
  batch_size: [16,16,16,16,16,16,16,16,16,16,16,16,16,16,16,16,16,16,16,64,64]
  gamma: 0.9
  n_steps: 512
  n_epochs: [18,18,18,18,18,18,18,18,18,18,18,18,18,18,18,18,18,18,18,8,8]
  gae_lambda: [0.8368664191296378,0.8368664191296378,0.8368664191296378,0.8368664191296378,0.8368664191296378,0.8368664191296378,0.8368664191296378,0.8368664191296378,0.8368664191296378,0.8368664191296378,0.8368664191296378,0.8368664191296378,0.8368664191296378,0.8368664191296378,0.8368664191296378,0.8368664191296378,0.8368664191296378,0.8368664191296378,0.8368664191296378,0.8,0.8]
  clip_range: [0.22492149037990108,0.22492149037990108,0.22492149037990108,0.22492149037990108,0.22492149037990108,0.22492149037990108,0.22492149037990108,0.22492149037990108,0.22492149037990108,0.22492149037990108,0.22492149037990108,0.22492149037990108,0.22492149037990108,0.22492149037990108,0.22492149037990108,0.22492149037990108,0.22492149037990108,0.22492149037990108,0.22492149037990108,0.24705460071563723,0.24705460071563723]
  clip_range_vf: [0.25166125612832235,0.25166125612832235,0.25166125612832235,0.25166125612832235,0.25166125612832235,0.25166125612832235,0.25166125612832235,0.25166125612832235,0.25166125612832235,0.25166125612832235,0.25166125612832235,0.25166125612832235,0.25166125612832235,0.25166125612832235,0.25166125612832235,0.25166125612832235,0.25166125612832235,0.25166125612832235,0.25166125612832235,0.03953317741253137,0.03953317741253137]
  normalize_advantage: False
  ent_coef: [0.2516252588547702,0.2516252588547702,0.2516252588547702,0.2516252588547702,0.2516252588547702,0.2516252588547702,0.2516252588547702,0.2516252588547702,0.2516252588547702,0.2516252588547702,0.2516252588547702,0.2516252588547702,0.2516252588547702,0.2516252588547702,0.2516252588547702,0.2516252588547702,0.2516252588547702,0.2516252588547702,0.2516252588547702,0.13376199007034303,0.13376199007034303]
  vf_coef: [0.6813410107290054,0.6813410107290054,0.6813410107290054,0.6813410107290054,0.6813410107290054,0.6813410107290054,0.6813410107290054,0.6813410107290054,0.6813410107290054,0.6813410107290054,0.6813410107290054,0.6813410107290054,0.6813410107290054,0.6813410107290054,0.6813410107290054,0.6813410107290054,0.6813410107290054,0.6813410107290054,0.6813410107290054,0.015074482198642047,0.015074482198642047]
  max_grad_norm: [0.557964728963569,0.557964728963569,0.557964728963569,0.557964728963569,0.557964728963569,0.557964728963569,0.557964728963569,0.557964728963569,0.557964728963569,0.557964728963569,0.557964728963569,0.557964728963569,0.557964728963569,0.557964728963569,0.557964728963569,0.557964728963569,0.557964728963569,0.557964728963569,0.557964728963569,0.7556978702545166,0.7556978702545166]
  use_sde: False
  sde_sample_freq: 4