agent_class: PPO
total_timesteps: 1e6
n_eval_episodes: 5
policy_model: MlpPolicy
num_minibatches: 8
model_kwargs:
  learning_rate: 9.403384625515929e-06
  batch_size: 16
  gamma: 0.9
  n_steps: 256
  n_epochs: 18
  gae_lambda: 0.9445700610602146
  clip_range: 0.4032986987447124
  clip_range_vf: 0.2535886941995176
  normalize_advantage: True
  ent_coef: 0.3338767560720265
  vf_coef: 0.6885180475678846
  max_grad_norm: 0.5486282417045966
  use_sde: False
  sde_sample_freq: 4