agent_class: PPO
total_timesteps: 1e6
n_eval_episodes: 5
policy_model: MlpPolicy
num_minibatches: 8
model_kwargs:
  learning_rate: [2.341200627699829e-06,2.341200627699829e-06,2.341200627699829e-06,2.341200627699829e-06,2.341200627699829e-06,2.341200627699829e-06,2.341200627699829e-06,2.341200627699829e-06,2.341200627699829e-06,2.341200627699829e-06,2.341200627699829e-06,2.341200627699829e-06,2.341200627699829e-06,2.341200627699829e-06,2.341200627699829e-06,2.341200627699829e-06,2.341200627699829e-06,2.341200627699829e-06,0.0007045465055137612,0.0007045465055137612,0.0007045465055137612]
  batch_size: [128,128,128,128,128,128,128,128,128,128,128,128,128,128,128,128,128,128,32,32,32]
  gamma: 0.9
  n_steps: [2048,2048,2048,2048,2048,2048,2048,2048,2048,2048,2048,2048,2048,2048,2048,2048,2048,2048,256,256,256]
  n_epochs: [10,10,10,10,10,10,10,10,10,10,10,10,10,10,10,10,10,10,20,20,20]
  gae_lambda: 0.9999
  clip_range: [0.4445074215184057,0.4445074215184057,0.4445074215184057,0.4445074215184057,0.4445074215184057,0.4445074215184057,0.4445074215184057,0.4445074215184057,0.4445074215184057,0.4445074215184057,0.4445074215184057,0.4445074215184057,0.4445074215184057,0.4445074215184057,0.4445074215184057,0.4445074215184057,0.4445074215184057,0.4445074215184057,0.10819496771166383,0.10819496771166383,0.10819496771166383]
  clip_range_vf: [0.1393481970219683,0.1393481970219683,0.1393481970219683,0.1393481970219683,0.1393481970219683,0.1393481970219683,0.1393481970219683,0.1393481970219683,0.1393481970219683,0.1393481970219683,0.1393481970219683,0.1393481970219683,0.1393481970219683,0.1393481970219683,0.1393481970219683,0.1393481970219683,0.1393481970219683,0.1393481970219683,0.08608413085070193,0.08608413085070193,0.08608413085070193]
  normalize_advantage: [False,False,False,False,False,False,False,False,False,False,False,False,False,False,False,False,False,False,True,True,True]
  ent_coef: 0.1347430795431137
  vf_coef: [0.1217425232073347,0.1217425232073347,0.1217425232073347,0.1217425232073347,0.1217425232073347,0.1217425232073347,0.1217425232073347,0.1217425232073347,0.1217425232073347,0.1217425232073347,0.1217425232073347,0.1217425232073347,0.1217425232073347,0.1217425232073347,0.1217425232073347,0.1217425232073347,0.1217425232073347,0.1217425232073347,0.46112851257885923,0.46112851257885923,0.46112851257885923]
  max_grad_norm: [0.12493484316217313,0.12493484316217313,0.12493484316217313,0.12493484316217313,0.12493484316217313,0.12493484316217313,0.12493484316217313,0.12493484316217313,0.12493484316217313,0.12493484316217313,0.12493484316217313,0.12493484316217313,0.12493484316217313,0.12493484316217313,0.12493484316217313,0.12493484316217313,0.12493484316217313,0.12493484316217313,0.11902996149710131,0.11902996149710131,0.11902996149710131]
  use_sde: False
  sde_sample_freq: 4