agent_class: PPO
total_timesteps: 1e6
n_eval_episodes: 5
policy_model: MlpPolicy
num_minibatches: 8
model_kwargs:
  learning_rate: 1.8559979104894687e-06
  batch_size: 16
  gamma: 0.9
  n_steps: 256
  n_epochs: 5
  gae_lambda: 0.9965323737269068
  clip_range: 0.22067745967742336
  clip_range_vf: 0.2520002196895763
  normalize_advantage: True
  ent_coef: 0.1934449426603812
  vf_coef: 0.8320168996345009
  max_grad_norm: 0.7367470562871129
  use_sde: False
  sde_sample_freq: 4