agent_class: PPO
total_timesteps: 1e6
n_eval_episodes: 5
policy_model: MlpPolicy
num_minibatches: 8
model_kwargs:
  learning_rate: [0.0016845992018483969,0.0016845992018483969,0.0016845992018483969,0.0016845992018483969,0.0016845992018483969,0.0016845992018483969,0.0016845992018483969,0.0016845992018483969,0.0016845992018483969,0.0016845992018483969,0.0016845992018483969,0.0016845992018483969,0.0016845992018483969,0.0016845992018483969,0.0016845992018483969,0.0016845992018483969,0.0016845992018483969,0.0016845992018483969,0.0016845992018483969,5.9421912809861075e-06,5.9421912809861075e-06,]
  batch_size: 64
  gamma: 0.9
  n_steps: 1024
  n_epochs: [9,9,9,9,9,9,9,9,9,9,9,9,9,9,9,9,9,9,9,5,5]
  gae_lambda: 0.95
  clip_range: 0.2
  clip_range_vf: null
  normalize_advantage: True
  ent_coef: [0.49222123057716227,0.49222123057716227,0.49222123057716227,0.49222123057716227,0.49222123057716227,0.49222123057716227,0.49222123057716227,0.49222123057716227,0.49222123057716227,0.49222123057716227,0.49222123057716227,0.49222123057716227,0.49222123057716227,0.49222123057716227,0.49222123057716227,0.49222123057716227,0.49222123057716227,0.49222123057716227,0.49222123057716227,0.42728738771570124,0.42728738771570124,]
  vf_coef: 0.5
  max_grad_norm: 0.5
  use_sde: False
  sde_sample_freq: 4