agent_class: PPO
total_timesteps: 1e6
n_eval_episodes: 5
policy_model: MlpPolicy
num_minibatches: 8
model_kwargs:
  learning_rate: [9.689597076810303e-05,9.689597076810303e-05,9.689597076810303e-05,9.689597076810303e-05,9.689597076810303e-05,9.689597076810303e-05,9.689597076810303e-05,9.689597076810303e-05,9.689597076810303e-05,9.689597076810303e-05,9.689597076810303e-05,9.689597076810303e-05,9.689597076810303e-05,9.689597076810303e-05,9.689597076810303e-05,9.689597076810303e-05,9.689597076810303e-05,9.689597076810303e-05,9.689597076810303e-05,1.1168733292952803e-05,1.1168733292952803e-05]
  batch_size: 64
  gamma: 0.9
  n_steps: 1024
  n_epochs: [5,5,5,5,5,5,5,5,5,5,5,5,5,5,5,5,5,5,5,14,14]
  gae_lambda: 0.95
  clip_range: 0.2
  clip_range_vf: null
  normalize_advantage: True
  ent_coef: [0.13339964008363095,0.13339964008363095,0.13339964008363095,0.13339964008363095,0.13339964008363095,0.13339964008363095,0.13339964008363095,0.13339964008363095,0.13339964008363095,0.13339964008363095,0.13339964008363095,0.13339964008363095,0.13339964008363095,0.13339964008363095,0.13339964008363095,0.13339964008363095,0.13339964008363095,0.13339964008363095,0.13339964008363095,0.0018515709505039224,0.0018515709505039224]
  vf_coef: 0.5
  max_grad_norm: 0.5
  use_sde: False
  sde_sample_freq: 4