agent_class: PPO
total_timesteps: 1e6
n_eval_episodes: 5
policy_model: MlpPolicy
num_minibatches: 8
model_kwargs:
  learning_rate: [3.891279438451921e-06,3.891279438451921e-06,3.891279438451921e-06,3.891279438451921e-06,3.891279438451921e-06,3.891279438451921e-06,3.891279438451921e-06,3.891279438451921e-06,3.891279438451921e-06,3.891279438451921e-06,3.891279438451921e-06,3.891279438451921e-06,3.891279438451921e-06,3.891279438451921e-06,3.891279438451921e-06,3.891279438451921e-06,3.891279438451921e-06,3.891279438451921e-06,3.891279438451921e-06,5.5025846132881424e-06,5.5025846132881424e-06]
  batch_size: [16,16,16,16,16,16,16,16,16,16,16,16,16,16,16,16,16,16,16,128,128]
  gamma: 0.9
  n_steps: [4096,4096,4096,4096,4096,4096,4096,4096,4096,4096,4096,4096,4096,4096,4096,4096,4096,4096,4096,512,512]
  n_epochs: [9,9,9,9,9,9,9,9,9,9,9,9,9,9,9,9,9,9,9,17,17]
  gae_lambda: [0.9615113146872449,0.9615113146872449,0.9615113146872449,0.9615113146872449,0.9615113146872449,0.9615113146872449,0.9615113146872449,0.9615113146872449,0.9615113146872449,0.9615113146872449,0.9615113146872449,0.9615113146872449,0.9615113146872449,0.9615113146872449,0.9615113146872449,0.9615113146872449,0.9615113146872449,0.9615113146872449,0.9615113146872449,0.9999,0.9999]
  clip_range: [0.00258629789613633,0.00258629789613633,0.00258629789613633,0.00258629789613633,0.00258629789613633,0.00258629789613633,0.00258629789613633,0.00258629789613633,0.00258629789613633,0.00258629789613633,0.00258629789613633,0.00258629789613633,0.00258629789613633,0.00258629789613633,0.00258629789613633,0.00258629789613633,0.00258629789613633,0.00258629789613633,0.00258629789613633,0.2422374615143666,0.2422374615143666]
  clip_range_vf: [0.06494160359896994,0.06494160359896994,0.06494160359896994,0.06494160359896994,0.06494160359896994,0.06494160359896994,0.06494160359896994,0.06494160359896994,0.06494160359896994,0.06494160359896994,0.06494160359896994,0.06494160359896994,0.06494160359896994,0.06494160359896994,0.06494160359896994,0.06494160359896994,0.06494160359896994,0.06494160359896994,0.06494160359896994,0.07432293719072232,0.07432293719072232]
  normalize_advantage: False
  ent_coef: [0.3790569378457617,0.3790569378457617,0.3790569378457617,0.3790569378457617,0.3790569378457617,0.3790569378457617,0.3790569378457617,0.3790569378457617,0.3790569378457617,0.3790569378457617,0.3790569378457617,0.3790569378457617,0.3790569378457617,0.3790569378457617,0.3790569378457617,0.3790569378457617,0.3790569378457617,0.3790569378457617,0.3790569378457617,0.06023976694881016,0.06023976694881016]
  vf_coef: [0.2632286516922717,0.2632286516922717,0.2632286516922717,0.2632286516922717,0.2632286516922717,0.2632286516922717,0.2632286516922717,0.2632286516922717,0.2632286516922717,0.2632286516922717,0.2632286516922717,0.2632286516922717,0.2632286516922717,0.2632286516922717,0.2632286516922717,0.2632286516922717,0.2632286516922717,0.2632286516922717,0.2632286516922717,0.34848155271274195,0.34848155271274195]
  max_grad_norm: [0.66051559691684,0.66051559691684,0.66051559691684,0.66051559691684,0.66051559691684,0.66051559691684,0.66051559691684,0.66051559691684,0.66051559691684,0.66051559691684,0.66051559691684,0.66051559691684,0.66051559691684,0.66051559691684,0.66051559691684,0.66051559691684,0.66051559691684,0.66051559691684,0.66051559691684,0.11104181265103917,0.11104181265103917]
  use_sde: False
  sde_sample_freq: 4