agent_class: SAC
total_timesteps: 1e6
n_eval_episodes: 5
policy_model: MlpPolicy
model_kwargs:
  learning_rate: [0.002823973050225053,0.002823973050225053,0.002823973050225053,0.002823973050225053,0.002823973050225053,0.002823973050225053,0.002823973050225053,0.002823973050225053,0.002823973050225053,0.002823973050225053,0.002823973050225053,0.002823973050225053,0.002823973050225053,0.002823973050225053,0.002823973050225053,0.002823973050225053,0.002823973050225053,0.002823973050225053,0.002823973050225053,0.00015538419038057353,0.00015538419038057353]
  batch_size: 128
  tau: [0.45886770167183405,0.45886770167183405,0.45886770167183405,0.45886770167183405,0.45886770167183405,0.45886770167183405,0.45886770167183405,0.45886770167183405,0.45886770167183405,0.45886770167183405,0.45886770167183405,0.45886770167183405,0.45886770167183405,0.45886770167183405,0.45886770167183405,0.45886770167183405,0.45886770167183405,0.45886770167183405,0.45886770167183405,0.48232929613431536,0.48232929613431536]
  gamma: 0.99
  learning_starts: [3117,3117,3117,3117,3117,3117,3117,3117,3117,3117,3117,3117,3117,3117,3117,3117,3117,3117,3117,7811,7811]
  buffer_size: [28363518,28363518,28363518,28363518,28363518,28363518,28363518,28363518,28363518,28363518,28363518,28363518,28363518,28363518,28363518,28363518,28363518,28363518,28363518,7059780,7059780]
  train_freq: [752,752,752,752,752,752,752,752,752,752,752,752,752,752,752,752,752,752,752,800,800]
  gradient_steps: [6,6,6,6,6,6,6,6,6,6,6,6,6,6,6,6,6,6,6,4,4]
  use_sde: False
  sde_sample_freq: -1