agent_class: SAC
total_timesteps: 1e6
n_eval_episodes: 5
policy_model: MlpPolicy
model_kwargs:
  learning_rate: [1.3414571110695339e-05,1.3414571110695339e-05,1.3414571110695339e-05,1.3414571110695339e-05,1.3414571110695339e-05,1.3414571110695339e-05,1.3414571110695339e-05,1.3414571110695339e-05,1.3414571110695339e-05,1.3414571110695339e-05,1.3414571110695339e-05,1.3414571110695339e-05,1.3414571110695339e-05,1.3414571110695339e-05,1.3414571110695339e-05,1.3414571110695339e-05,1.3414571110695339e-05,1.3414571110695339e-05,6.49195741531983e-06,6.49195741531983e-06,6.49195741531983e-06]
  batch_size: 128
  tau: [0.6485523475175713,0.6485523475175713,0.6485523475175713,0.6485523475175713,0.6485523475175713,0.6485523475175713,0.6485523475175713,0.6485523475175713,0.6485523475175713,0.6485523475175713,0.6485523475175713,0.6485523475175713,0.6485523475175713,0.6485523475175713,0.6485523475175713,0.6485523475175713,0.6485523475175713,0.6485523475175713,0.7680000000000001,0.7680000000000001,0.7680000000000001]
  gamma: 0.99
  learning_starts: [3608,3608,3608,3608,3608,3608,3608,3608,3608,3608,3608,3608,3608,3608,3608,3608,3608,3608,5144,5144,5144]
  buffer_size: [5544168,5544168,5544168,5544168,5544168,5544168,5544168,5544168,5544168,5544168,5544168,5544168,5544168,5544168,5544168,5544168,5544168,5544168,3880075,3880075,3880075]
  train_freq: [464,464,464,464,464,464,464,464,464,464,464,464,464,464,464,464,464,464,216,216,216]
  gradient_steps: [3,3,3,3,3,3,3,3,3,3,3,3,3,3,3,3,3,3,7,7,7]
  use_sde: False
  sde_sample_freq: -1