agent_class: SAC
total_timesteps: 1e6
n_eval_episodes: 5
policy_model: MlpPolicy
model_kwargs:
  learning_rate: [5.4619184604071565e-05,5.4619184604071565e-05,5.4619184604071565e-05,5.4619184604071565e-05,5.4619184604071565e-05,5.4619184604071565e-05,5.4619184604071565e-05,5.4619184604071565e-05,5.4619184604071565e-05,5.4619184604071565e-05,5.4619184604071565e-05,5.4619184604071565e-05,5.4619184604071565e-05,5.4619184604071565e-05,5.4619184604071565e-05,5.4619184604071565e-05,5.4619184604071565e-05,5.4619184604071565e-05,5.4619184604071565e-05,1.0284189363876845e-06,1.0284189363876845e-06]
  batch_size: 256
  tau: [0.11193488216400146,0.11193488216400146,0.11193488216400146,0.11193488216400146,0.11193488216400146,0.11193488216400146,0.11193488216400146,0.11193488216400146,0.11193488216400146,0.11193488216400146,0.11193488216400146,0.11193488216400146,0.11193488216400146,0.11193488216400146,0.11193488216400146,0.11193488216400146,0.11193488216400146,0.11193488216400146,0.11193488216400146,0.08114548919677735,0.08114548919677735]
  gamma: 0.99
  learning_starts: 100
  buffer_size: 1000000
  train_freq: [600,600,600,600,600,600,600,600,600,600,600,600,600,600,600,600,600,600,600,711,711]
  gradient_steps: 1
  use_sde: False
  sde_sample_freq: -1
