agent_class: SAC
total_timesteps: 1e6
n_eval_episodes: 5
policy_model: MlpPolicy
model_kwargs:
  learning_rate: [3.4014201570208614e-05,3.4014201570208614e-05,3.4014201570208614e-05,3.4014201570208614e-05,3.4014201570208614e-05,3.4014201570208614e-05,3.4014201570208614e-05,3.4014201570208614e-05,3.4014201570208614e-05,3.4014201570208614e-05,3.4014201570208614e-05,3.4014201570208614e-05,3.4014201570208614e-05,3.4014201570208614e-05,3.4014201570208614e-05,3.4014201570208614e-05,3.4014201570208614e-05,3.4014201570208614e-05,2.9656261927294702e-05,2.9656261927294702e-05,2.9656261927294702e-05]
  batch_size: 256
  tau: 1.0
  gamma: 0.99
  learning_starts: 100
  buffer_size: 1000000
  train_freq: 1
  gradient_steps: 1
  use_sde: False
  sde_sample_freq: -1