agent_class: SAC
total_timesteps: 1e6
n_eval_episodes: 5
policy_model: MlpPolicy
model_kwargs:
  learning_rate: [0.0038357678055763265,0.0038357678055763265,0.0038357678055763265,0.0038357678055763265,0.0038357678055763265,0.0038357678055763265,0.0038357678055763265,0.0038357678055763265,0.0038357678055763265,0.0038357678055763265,0.0038357678055763265,0.0038357678055763265,0.0038357678055763265,0.0038357678055763265,0.0038357678055763265,0.0038357678055763265,0.0038357678055763265,0.0038357678055763265,0.0038357678055763265,4.658244700923862e-06,4.658244700923862e-06]
  batch_size: [128,128,128,128,128,128,128,128,128,128,128,128,128,128,128,128,128,128,128,64,64]
  tau: [0.16228260040283204,0.16228260040283204,0.16228260040283204,0.16228260040283204,0.16228260040283204,0.16228260040283204,0.16228260040283204,0.16228260040283204,0.16228260040283204,0.16228260040283204,0.16228260040283204,0.16228260040283204,0.16228260040283204,0.16228260040283204,0.16228260040283204,0.16228260040283204,0.16228260040283204,0.16228260040283204,0.16228260040283204,0.4951592810836527,0.4951592810836527]
  gamma: 0.99
  learning_starts: [6693,6693,6693,6693,6693,6693,6693,6693,6693,6693,6693,6693,6693,6693,6693,6693,6693,6693,6693,5982,5982]
  buffer_size: [48273871,48273871,48273871,48273871,48273871,48273871,48273871,48273871,48273871,48273871,48273871,48273871,48273871,48273871,48273871,48273871,48273871,48273871,48273871,32921642,32921642]
  train_freq: [348,348,348,348,348,348,348,348,348,348,348,348,348,348,348,348,348,348,348,329,329]
  gradient_steps: [4,4,4,4,4,4,4,4,4,4,4,4,4,4,4,4,4,4,4,7,7]
  use_sde: False
  sde_sample_freq: -1