agent_class: SAC
total_timesteps: 1e6
n_eval_episodes: 5
policy_model: MlpPolicy
model_kwargs:
  learning_rate: [0.006001267768442629,0.006001267768442629,0.006001267768442629,0.006001267768442629,0.006001267768442629,0.006001267768442629,0.006001267768442629,0.006001267768442629,0.006001267768442629,0.006001267768442629,0.006001267768442629,0.006001267768442629,0.006001267768442629,0.006001267768442629,0.006001267768442629,0.006001267768442629,0.006001267768442629,0.006001267768442629,0.006001267768442629,3.0198751352173533e-05,3.0198751352173533e-05]
  batch_size: [512,512,512,512,512,512,512,512,512,512,512,512,512,512,512,512,512,512,512,256,256]
  tau: [0.21776097995482788,0.21776097995482788,0.21776097995482788,0.21776097995482788,0.21776097995482788,0.21776097995482788,0.21776097995482788,0.21776097995482788,0.21776097995482788,0.21776097995482788,0.21776097995482788,0.21776097995482788,0.21776097995482788,0.21776097995482788,0.21776097995482788,0.21776097995482788,0.21776097995482788,0.21776097995482788,0.21776097995482788,0.03878739293216498,0.03878739293216498]
  gamma: 0.99
  learning_starts: [2775,2775,2775,2775,2775,2775,2775,2775,2775,2775,2775,2775,2775,2775,2775,2775,2775,2775,2775,10000,10000]
  buffer_size: [38942575,38942575,38942575,38942575,38942575,38942575,38942575,38942575,38942575,38942575,38942575,38942575,38942575,38942575,38942575,38942575,38942575,38942575,38942575,34278433,34278433]
  train_freq: [570,570,570,570,570,570,570,570,570,570,570,570,570,570,570,570,570,570,570,381,381]
  gradient_steps: [9,9,9,9,9,9,9,9,9,9,9,9,9,9,9,9,9,9,9,2,2]
  use_sde: False
  sde_sample_freq: -1