agent_class: SAC
total_timesteps: 1e6
n_eval_episodes: 5
policy_model: MlpPolicy
model_kwargs:
  learning_rate: [0.0035219075394312227,0.0035219075394312227,0.0035219075394312227,0.0035219075394312227,0.0035219075394312227,0.0035219075394312227,0.0035219075394312227,0.0035219075394312227,0.0035219075394312227,0.0035219075394312227,0.0035219075394312227,0.0035219075394312227,0.0035219075394312227,0.0035219075394312227,0.0035219075394312227,0.0035219075394312227,0.0035219075394312227,0.0035219075394312227,0.0035219075394312227,3.5688787465915034e-05,3.5688787465915034e-05]
  batch_size: [512,512,512,512,512,512,512,512,512,512,512,512,512,512,512,512,512,512,512,512,512,512,256,256]
  tau: [0.39605317031250004,0.39605317031250004,0.39605317031250004,0.39605317031250004,0.39605317031250004,0.39605317031250004,0.39605317031250004,0.39605317031250004,0.39605317031250004,0.39605317031250004,0.39605317031250004,0.39605317031250004,0.39605317031250004,0.39605317031250004,0.39605317031250004,0.39605317031250004,0.39605317031250004,0.39605317031250004,0.39605317031250004,0.2675079107284546,0.2675079107284546]
  gamma: 0.99
  learning_starts: [1610,1610,1610,1610,1610,1610,1610,1610,1610,1610,1610,1610,1610,1610,1610,1610,1610,1610,1610,3212,3212]
  buffer_size: [28050099,28050099,28050099,28050099,28050099,28050099,28050099,28050099,28050099,28050099,28050099,28050099,28050099,28050099,28050099,28050099,28050099,28050099,28050099,15610402,15610402]
  train_freq: [195,195,195,195,195,195,195,195,195,195,195,195,195,195,195,195,195,195,195,350,350]
  gradient_steps: [2,2,2,2,2,2,2,2,2,2,2,2,2,2,2,2,2,2,2,1,1]
  use_sde: False
  sde_sample_freq: -1